    988
    938
    877
   1666
   1457
   1162
    708
    330
   1699
     17
   1862
    162
   1319
    825
   1666
   1221
    411
    988
    938
    743
    713
   1766
   1474
    491
    245
   1286
   1569
    522
   1822
   1462
     74
    824
   1746
   1162
   1666
    801
    988
    938
    877
   1538
   1700
   1665
   1893
   1308
   1766
    883
   1162
   1694
    393
   1862
    916
    883
   1002
   1407
     60
   1678
    883
    877
   1666
    176
   1804
   1699
    997
   1321
   1715
    801
    949